=== Round-wise Reduction Data ===

 game  round  total_moves  pruned_moves  reduction_percent
    1      1           18             3          83.333333
    1      2           32             5          84.375000
    1      3           36             6          83.333333
    1      4           46             6          86.956522
    1      5           22             3          86.363636
    1      6           24            12          50.000000
    1      7           17            13          23.529412
    1      8           18            10          44.444444
    1      9          766           764           0.261097
    1     10         4536          4534           0.044092
    1     11        24004         23043           4.003499
    1     12        12516         12514           0.015980
    1     13        13685         13684           0.007307
    1     14         9936          9936           0.000000
    1     15       152352        152351           0.000656
    1     16        16500         11002          33.321212
    1     17       159500        159500           0.000000
    1     18        22500          7504          66.648889
    1     19         7540          7504           0.477454
    1     20         7524          7504           0.265816
    1     21           16             4          75.000000
    1     22           34             5          85.294118
    1     23         1444          1261          12.673130


=== Game-wise Summary (Avg of Round-wise Reduction) ===

   game  rounds  avg_round_reduction  avg_round_reduction_percent
      1    23.0             0.356673                    35.667345
OVERALL    23.0             0.356673                    35.667345